$ 1 0.000005 10.20027730826997 50 5 50 5e-11
374 256 144 416 144 0 0.1585 Light\sBrightness
374 256 208 416 208 0 0.3367 Light\sBrightness
374 256 288 416 288 0 0.1486 Light\sBrightness
r 448 144 416 144 0 10000
r 416 208 448 208 0 10000
r 416 288 448 288 0 10000
w 448 144 496 144 0
w 448 208 496 208 0
w 448 288 496 288 0
w 496 144 496 208 0
w 496 208 496 288 0
w 496 288 496 336 0
g 496 336 496 352 0 0
w 256 144 256 208 0
w 256 208 256 288 0
R 256 288 256 352 0 0 40 15 0 0 0.5
w 416 144 416 80 0
w 416 208 416 176 0
w 416 240 560 240 0
w 416 176 688 176 0
w 736 224 736 256 0
w 560 240 560 272 0
w 560 272 560 288 0
w 560 288 736 288 0
w 416 80 704 80 0
w 736 80 736 144 0
w 976 160 976 192 0
w 976 272 976 224 0
w 800 208 736 208 0
w 976 224 912 224 0
w 784 224 736 224 0
r 832 208 848 208 0 10000
r 832 224 848 224 0 10000
w 736 288 736 320 0
r 736 80 800 80 0 10000
r 736 320 784 320 0 10000
g 800 80 800 32 0 0
g 784 320 784 336 0 0
r 1232 208 1264 208 0 100
g 1264 208 1296 208 0 0
w 688 176 720 176 0
w 704 80 736 80 0
a 736 160 976 160 8 15 -15 1000000 0.8411938222725692 -8.804537020216568 100000
w 416 240 416 288 0
w 976 192 896 192 0
w 896 192 896 208 0
w 848 208 896 208 0
w 848 224 912 224 0
w 832 224 784 224 0
w 800 208 832 208 0
a 992 208 1232 208 8 15 -15 1000000 -15.000964558084249 -15.000963634300419 100000
w 976 192 992 192 0
w 976 224 992 224 0
a 736 272 976 272 9 15 -15 1000000 0.831955983982074 -8.804537020216568 100000
w 736 176 736 208 0
w 736 208 736 224 0
w 720 176 736 176 0
o 38 64 0 4099 10 0.1 0 2 38 3
